20x20
20x1
0 15 19 1 9 9 14 17 3 4 4 17 6 4 1 14 7 3 1 19
17 20 3 12 6 7 8 10 17 16 11 15 14 1 19 15 8 16 6 5
13 3 13 11 3 6 4 20 5 6 4 5 17 18 2 19 6 15 8 16
8 14 14 10 3 4 3 11 13 2 13 5 3 11 19 11 12 7 7 10
11 1 17 20 7 4 1 11 14 2 3 19 12 7 17 2 2 12 9 7
15 2 1 19 20 15 4 17 10 16 9 7 17 8 13 5 15 11 18 7
2 3 2 2 2 3 13 9 15 17 14 10 4 7 12 5 18 2 10 7
4 5 7 2 20 1 5 20 13 1 10 19 14 19 11 15 2 14 3 5
11 2 16 17 20 8 4 16 7 19 12 13 2 1 17 18 11 11 10 4
4 17 10 17 3 10 7 8 20 13 17 12 1 20 15 2 15 5 20 12
17 9 11 3 1 16 9 18 12 19 20 15 7 17 10 10 18 19 16 10
13 10 10 9 5 15 11 5 6 14 2 17 6 15 15 13 5 10 8 12
2 1 3 2 15 19 16 19 16 11 6 15 5 17 15 1 2 3 14 19
4 17 17 3 14 11 4 18 7 1 17 11 1 12 3 14 10 9 1 17
20 4 4 13 7 11 20 8 10 15 7 15 14 5 3 16 20 6 16 9
10 11 14 20 9 5 6 1 3 15 2 19 13 3 20 12 10 3 8 19
8 7 16 6 1 1 19 6 20 7 6 20 9 8 3 17 18 2 6 16
19 10 20 11 15 9 7 2 18 8 19 1 16 17 11 19 3 3 13 17
5 2 3 18 3 20 10 7 8 4 8 19 5 8 14 13 6 2 16 4
18 10 11 13 7 10 18 10 14 20 17 9 2 5 12 6 6 17 12 16